           1
         200
         100
         100
   33414.098679592309     
 -0.12643050035404002      -0.45686518065944592                1
   8.4078289004039970      -0.30382493205643124                1
   4.2776548921984503      -0.27185679939848773                2
   6.9150953759096501       -2.6748688274240529                2
   3.6602565116384844       -5.6238294997619818                1
  -7.1289513665874154       -3.2390749882022876                2
   7.0682938438087266        5.5857882395584024                2
   9.0354134422866412       -7.7388101925984030                2
   9.2194040781488447       0.66549908578888983                1
   8.1508995137141618       -3.1949426129823912                1
  -8.1091959368310906        1.8734950214876700                2
   4.3890139483763679       -1.0583175115961818                1
  -6.2294491986283758       -4.2864618119727602                2
   9.6456604133084909       -9.2645290109443277                2
  -3.9230174781091511        4.4806211646229936                2
   7.2023109289452902        2.2494385300990150                2
   1.1323099827068228       -6.3322523895378495                2
   5.7682831132606482      -0.82775314412282808                2
  -7.6410638960074380       -7.8391542967760666                1
  -7.2660165138854156      -0.52364665481834716                1
   1.2920487401525871       -4.4349668225192884                1
  -4.9869193550527164        8.1981706658652485                2
  -4.5858192816650885        8.6855126642476606                1
  -9.7499587614993359       -9.7780019646413301                2
  -9.1995432961165413      -0.99875285859341800                1
  -8.8023850521949036        2.1213024339681397                2
   1.6312297680904098        9.4955229082070414                1
   5.4256451349797397       -9.7688593264591912                2
   1.6087217687064159        7.3377833045128638                2
   4.3663671879627515       -3.5771935512176780                2
  -3.2386591751124936       -4.7411295916640617E-002           2
   2.6535915274892630        1.4028538649474109                1
   5.8329080900392967        9.7813750574237464                1
  -3.3414588631090094       -5.6480879019520938                1
  -2.0133659795977832        7.1462555002565642                1
   8.5824548097371540        9.6072519687388436                1
   9.8626165243643946       -3.9940452252632608                1
  -2.8783235042635980       -9.6060634534517870                1
   8.7988557980522781       -3.6903813941917472                2
   5.6576889029583954       0.14469201901905926                2
  -7.1101602383881923        4.9091238069350851                1
   2.9668287706646468       -5.0589284474946101                1
   1.5480731971609685       -7.4705656616207721                2
   8.5593899206632251       -8.1403423810478213                1
  -8.9365324940079418       -6.7015578535745357                2
  -3.0546679607875991       -2.1866863199036093                2
  -2.0079228679016503        5.8367820557315664                2
  -9.4564910972020204        1.1067576077133001                1
  -1.2448722492673936        8.9271325306255473                2
   7.9552990320812071       -6.7433545382546196                1
  -4.0948077226579560        7.3878142630695525                2
  -1.4442172592549163       -6.2225505451417025                2
   6.3517835666336602       -6.3290402006411828                1
   1.4624707213367638      -0.40049565362374140                2
   9.6232347868949741       -1.7400023334103676                1
  -7.3128292997869035       -2.4193481454107335                1
  -8.5888974802438156        4.8129871125842509                2
   9.7729639765424654        2.5156034085587664                2
   2.8239258583786553       -3.7945048039257347                2
  -7.3757247644096777       -1.5013566202592477                1
  0.25434465047227350       -7.2543202235262143                2
 -0.94191925872776694       -1.1474728397578104                1
  0.32287045932147818        8.8069865701532564                1
   3.9676279986590268        6.8850619380551592E-002           2
   1.7370807319299764       -2.4372737941657894                1
  -2.6428940912261236       -1.7059741178358134                2
   3.2740745878171640        5.4730406606245001                1
   7.8493513438872746        8.0369225454998414                1
   6.3159555539665906       0.61449273127064830                1
  -5.4667542834648257        4.2569368342378278                2
  -8.2502934028313888        4.2047133133310011                2
   2.8082712185102143        5.1203932752293984                2
   8.3501920861754364       -2.0163265366558401                1
  -4.4184619016252258       -7.3164046938053566                2
   9.1883962004210833        3.6783076380163982                2
  0.33254744838373984       -3.8827109121382772                1
   5.9905503214189597        6.8752754307604835                1
   7.5475909740951685        2.5812858627426172                1
   5.1516015133768462        5.6433759556183745                1
   6.7422802481493926       -8.6035722829593464                1
   7.3699637450239059       -9.1492987281657037                1
   2.9088405776626347       -1.1359439466268928                2
   9.5035005145225782        4.4603067209592258                1
  -9.5802252513275317        8.2131340732506164                2
  0.94599080100396415       -4.0507911880313205                2
  -4.2789110319172741        4.8149460896377967                2
  -8.3168818764772254       -5.9031598960641753                2
   8.7911307480808318        6.6469583305288165                2
   3.1539106060532140        3.1837896041127633                1
  -1.3458366513687092        4.8455885379169983                2
  -3.7526043643907405        6.4186748035123280                2
  -6.1211707132969009       -6.1879356444576841                2
  -7.3216242382853096        4.0542809736083552                2
   9.8373034475585452       -1.7751039289474035                1
   4.2206584614036231        9.7084120432999370                2
  -8.8207876014538833E-002   5.4137292876199155                1
  0.69517075433062514        2.3800837901517213                1
  -6.5514561351133356       -6.0482852453104154                1
  -6.4426005454588475       -7.6541614473549764                2
 -0.64900535594751840       -3.4119161467836112                2
  0.20728301945323269       0.86999541666693325                1
  -3.2138666768412993        2.7427871827641637                2
   4.1607386208389681        4.9427253913659737                2
 -0.53780845697709800       -1.9581692615381840                2
   4.1323501977147874       -8.3972478579464536                1
   8.4257516574213316        6.9511847418022077                1
  -5.9573606718350076        6.3363443610714292                1
   4.1963568030589959       -9.4719460819409704                2
  -8.6713563316443008        2.5556278827317702                1
  -9.8179689093224844      -0.83529190041810808                1
  -9.2227208562920993        9.0616167387183726                1
  -2.9854424720636539        9.4481315810233113E-002           2
 -0.88854691553856169        2.7605440392106506                1
  -6.9347400825835823       -8.0609491413815988                2
  -2.2489837344614418       -3.7570089829337894                1
  -7.0731823440678410        2.6400079980563396                1
  -7.8896134571651650        5.0278565635766022                2
  -8.1567654202055984       -5.6755584035148861                2
  -2.7431586757234849        4.7404766439310730                1
  -6.8033225346867887        2.0138821657361139                1
   5.3669787679437109       -4.9486505047744265                1
   8.3972144029666431       -1.6154146943352965                2
   3.3386525335168660      -0.16896991389383054                1
  -4.3480263814616045        4.3037960067621839                1
   1.1744721077371723       -3.4950461749984143                2
  -6.1542128250393970       0.33595129034267979                2
  0.72589708371517458       -4.6648955054205246                1
  -8.9556443315563214       -7.2134311261256459                1
  -5.3486027745001161        8.1384568968916060                1
  -9.1436381477862660       -8.0469206943809013                1
   2.4529520328047583        7.2636035515367547                2
  -4.0342403602711432        8.4344853207690527                1
  -7.3991913562156322       -6.8083798978603474                1
  -7.0998929878479276        5.9048303631526533                2
  -1.5876873731335772        4.5372287129799478                2
  0.64020240736548883       -5.5731131317966742                2
  -9.4493968837344262       -6.2602122162037839                2
   8.9483052086012034        4.0664499632371491                1
   5.6070463274336575        4.3098595018907115                2
   1.9485245206409640       0.29220153088151291                2
  -1.4111819427292738        9.7352482702952763                2
  0.59955746368304697        4.8089721798994800                1
  -4.4190171712771642        9.7212372070166175                1
  -1.2284192218691925       -4.7825193370611609                1
 -0.39175991974686686        7.7285561646523000                2
   6.1903238064018318        7.8362775875565944                1
   1.9841781216476129       -6.6309423592100893                2
   5.5203152445284491       -9.5052062930499304                1
   3.4521821555383081       -8.4993572500185390                1
   8.0290014075854916       -4.9237613051037350                1
   5.7334966071451881       -3.4651064871373292                1
  -5.6260947171352331        4.4804054290322748                1
  -4.1979739327547794       -2.9215150174020899                1
  -6.4282587283562362       -5.6683262944162172                1
  -7.2803145887660277        6.3524127274321014                2
   7.2581442819085691        4.7595185408658436                2
   5.5046702525913087        2.4414071355394085                2
  -3.7540876098365450      -0.65204596753431709                1
  -2.1266170288027220        5.8031469784275380                2
   4.3661874760231578        7.5279356949629461                2
  -9.8278674702471083        6.2326772338606933                2
  -4.6167354535485030        5.9860586539986871                2
   9.1982758562916054        5.1698961822976530                2
  0.54806509205614473       -1.9697110415323693                2
   1.5965039684206239        3.6174094845021121                1
   8.0409935747169250       -2.4723777104400479                2
   6.5440774218962305      -0.47579678920795621                2
   5.1953773007878645       -3.8955348517847299                1
  -4.6509097803016282       -3.1909380513072838                2
  -4.4263772807387554        6.9275337300130957                1
   4.3978464748964852       -2.0610775547533580                1
   7.9689698032122518       -3.2287863965206243                2
  -2.5063228994060980       -9.7114692914100029                1
   1.0606551544653708       -6.6739801608129952                2
  -4.5678943789432633       -2.5740467145156751                1
   9.7679202003556682      -0.68957884227526134                2
 -0.22024715192330180        3.6226041556621080                1
  0.80422310221017757        2.9632159952183001                2
  -7.9647071398510043       -4.6090664082898947                2
  -9.6526459670199589       -1.7709061647563884                1
 -0.77343402051134769        1.6610092573700230                1
   5.9838335634556206        9.8868279431050503                1
  0.17774122840694684       0.57998871522374706                1
   4.1238153545150684       -5.7087867951606315                2
  -6.9295199642319130        1.0161082062943172                1
   1.1118867243593611      -0.16500163181291994                2
   2.0651164305316860        4.1808173380926261                2
  -2.1752469794503568       -6.4772535948391017                1
  -5.3707151536165503       -3.2841655110954227                2
  -1.8454821084248263       -8.4978458412443700                1
  -8.7087891357935376E-002  -3.7959847691208060                2
   3.1606364679174659       -7.0886522402894769                1
   2.7633719796816969        7.8870401263690066                1
   7.1428476044678169        5.5655488095342154                2
  -2.7347221660144250       -2.5496985220612913                1
  -2.0794505611787284        8.7532605452415453                1
   2.6305561509142472        6.7587902374784576                2
   1.2822907600029421       -8.7313605508592236                1
  -3.9413086670718664       -8.2938095821626643                2
   3.6758317580784006        7.5670790069255105                2
