           1
         200
         100
         100
   33414.098679592309     
  -2.0061548543336163       -11.561699856866216        1.0000000000000000     
   1.2194413790515215       -5.1261876371371109        1.0000000000000000     
   8.3580069675325852        1.3235534534490039        1.0000000000000000     
   10.315282839100327       -6.9560276236750065        2.0000000000000000     
   7.1003888832710853       0.21194381934006706        1.0000000000000000     
  -5.4624137513881816        5.5228516011374778        1.0000000000000000     
   7.4084060385426103       -7.2299407117216203        2.0000000000000000     
   2.1061167558286966        11.437989501561855        1.0000000000000000     
  -5.3058533607001461        9.8836204045458516        2.0000000000000000     
   7.6977266160152524        11.073173518695686        2.0000000000000000     
  -8.1530973627471948        2.4260117173220794        1.0000000000000000     
   2.9216752258695973       -11.161230870293299        2.0000000000000000     
   6.1660071618570695        10.644342705475925        2.0000000000000000     
   3.6861440650645405       -1.2038912618336202        1.0000000000000000     
   8.7611657098057183        1.4711751662948227        1.0000000000000000     
  0.81121566586136207       -4.4710228715745473        1.0000000000000000     
  -7.9684390954006421        1.7801500382394166        1.0000000000000000     
   8.4659798860909952       -2.3027098355483679        2.0000000000000000     
  -7.7462885974825371       -6.2697566737749151        2.0000000000000000     
  -11.333091862670976       -5.2233169882572357        2.0000000000000000     
   8.1601074442255115        7.8121528782933201        2.0000000000000000     
   2.2381403750897713        7.1036990329457819        2.0000000000000000     
  0.69036343827529068        4.4582213320592414        1.0000000000000000     
   1.0713750764049339        11.332605761280542        2.0000000000000000     
  -11.019951775361156        6.5922132276518415        2.0000000000000000     
  -3.3431505274000410       -7.0622288489914702        2.0000000000000000     
   2.5735299048296296        3.1997167403056355        1.0000000000000000     
  -6.8078446924118943       -7.8368021176072222        2.0000000000000000     
   1.4782312020533865       0.77050206471982619        1.0000000000000000     
  -3.1126412568867310        4.4474214959116098        1.0000000000000000     
  -8.5548850177006504       0.98645990871460165        1.0000000000000000     
   7.3561644117764127        7.2137762231778852        2.0000000000000000     
   4.4987513200408484       -10.433254768223975        2.0000000000000000     
   1.0251279428484250        10.166245533812731        2.0000000000000000     
   2.8351977429686785        1.3633206844143615        1.0000000000000000     
  -5.6236543693880972        1.7711626247148902        1.0000000000000000     
   3.4181152478586623       -9.1311077025876966        1.0000000000000000     
  0.61959803133830427      -0.99558349905611776        1.0000000000000000     
  -1.7546003421405214        10.668762631001826        2.0000000000000000     
   7.7619601857332219       -4.2661016605231685        2.0000000000000000     
  -7.1063820693209010        9.8554501700285666        1.0000000000000000     
  0.43693096283853633       -7.1166773240835752        2.0000000000000000     
  -1.3760883105486998        9.1394291922613871        1.0000000000000000     
   2.7983418573720646        4.2645398559473930        2.0000000000000000     
  -9.7687174700906390        8.3890729253662251        2.0000000000000000     
  -11.269309882699787        4.7773276368724593        2.0000000000000000     
   3.9779349561532480       -3.7969011579036027        2.0000000000000000     
  -11.551372493293782        1.6868367380097402        2.0000000000000000     
   4.6829466051363982        12.669711833110673        2.0000000000000000     
   2.4332917805234424       -9.4941159380437288        1.0000000000000000     
   8.6691075754700435        9.1642556844463527        2.0000000000000000     
   5.8138164810029416        5.0410878155335279        2.0000000000000000     
 -0.35882562074073265       -1.5052320273105444        1.0000000000000000     
   4.0293331476109415       -10.885812248355604        2.0000000000000000     
  -5.8941011605251754        6.4265419064657774        1.0000000000000000     
  -6.9802606162777696      -0.10239879241553855        1.0000000000000000     
  0.53190740444496576        7.8163997431065066        1.0000000000000000     
  -2.4740232603300503       -6.7158134144044439        1.0000000000000000     
  -1.9607695879146412       -7.9799683267033075        1.0000000000000000     
   6.9813441205810953      -0.40210845300273879        1.0000000000000000     
  -2.2024510176151315       -8.9759693706429591        2.0000000000000000     
  -4.6363520995294589        2.7617032323785371        1.0000000000000000     
   6.4026586774171488        1.1744880380198928        1.0000000000000000     
  -2.2713687434323968       -5.3115989661684502        1.0000000000000000     
  -2.6279259774893986        7.8171555250697331        2.0000000000000000     
  -12.644868941280397       0.76710579343090313        2.0000000000000000     
   4.0445411621164693        1.6733083874482182        1.0000000000000000     
   5.5463648708656770        9.6996618524446934        2.0000000000000000     
   1.9845235420161569       -6.4605667199892949        1.0000000000000000     
  -9.4701106679957565       -3.0338276145928100        1.0000000000000000     
   5.8025013010344599       -2.6695571342086741        1.0000000000000000     
 -0.31441812497476190       -10.973396596319743        2.0000000000000000     
   6.3133243765817983       -2.4301662386814917        1.0000000000000000     
   3.8586922926279872       -4.4389010872567702        1.0000000000000000     
  -7.7912299513214469        5.1783294928518186        1.0000000000000000     
  -8.9118488650292313      -0.59038297664245742        1.0000000000000000     
   5.7852877581580016       -9.3232408659690638        2.0000000000000000     
   10.731761276435050       -1.9620003173271112        2.0000000000000000     
  -3.5200319689748452       -9.9823229352744818        2.0000000000000000     
  -5.1979417736849056       -10.227801969724588        2.0000000000000000     
   4.2677325266081940      -0.57740743664042493        1.0000000000000000     
  -4.8485271961771232        11.667904319214996        2.0000000000000000     
   5.5538245759707205       0.19592659590957237        1.0000000000000000     
  -9.6691505480364999        5.3921700180234478        2.0000000000000000     
   8.4094085981504900       -7.6287680660706014        2.0000000000000000     
  -9.6134258068733267       -5.5989952648257228E-002   2.0000000000000000     
  -8.4249100350168220       -9.5741525343280394        2.0000000000000000     
   10.652152252294334        5.6689344904242231        2.0000000000000000     
  -6.8970797415360030        8.0708539716357119        1.0000000000000000     
   7.5029551212296841        5.5775559342276422        2.0000000000000000     
   3.2658995094937295        9.2636263486116199        1.0000000000000000     
   3.0199210483426557       -7.4002310342759898        1.0000000000000000     
  -4.5064431585484988       -11.352485213049862        2.0000000000000000     
  -10.449539724599294       -3.9921786119513527        2.0000000000000000     
   12.375732594210794        3.6824471501581462        2.0000000000000000     
  -4.6312178793513512        11.390820230241166        1.0000000000000000     
   9.5487535145606035       -5.2222790705694475        2.0000000000000000     
   1.7048396218111850        9.4562691993164165        2.0000000000000000     
  -3.6480669484641326       -3.1576172812003005        1.0000000000000000     
  -8.1101657826047617       -2.8460301455016159        1.0000000000000000     
  -1.2394006388857122        2.2119320899460191        1.0000000000000000     
  0.95029085637587818        2.8599616810739916        1.0000000000000000     
   2.0077312039705837        3.8916731706449106        1.0000000000000000     
   6.9346755387792136        1.9257482421300856        2.0000000000000000     
  -3.1970395826457136       -5.3041110899249908        1.0000000000000000     
   7.3642227898995305       -3.1939321608945082        2.0000000000000000     
   10.403868800290592      -0.64318033178365541        2.0000000000000000     
  -5.6403709925983607       -3.9651001868122000        1.0000000000000000     
  -9.0196763705994591       -8.9371248958551615        2.0000000000000000     
   1.3097786339290944        9.0738832020557201        1.0000000000000000     
 -0.66542418675323167       -1.8973049098518455        1.0000000000000000     
   1.9824556259957435       -4.3097067352321190        1.0000000000000000     
  0.85540949715327164        1.4416968068248122        1.0000000000000000     
   3.4637352213305888       0.68820525206141803        1.0000000000000000     
   4.7815118091336259        6.3578947560270915        2.0000000000000000     
   6.8044340764419626       -1.4877994277171371        1.0000000000000000     
  -9.0508222649711794        4.2468726959814305        2.0000000000000000     
  -7.9598005894894150        9.1468676834186677        2.0000000000000000     
  -12.252399994278717       -2.5864527755636155        2.0000000000000000     
   1.5259297591408367       -12.830896726836608        2.0000000000000000     
 -0.30187429282039929        4.7885896154890251        1.0000000000000000     
   5.3633990095306263        8.5333431148322951        2.0000000000000000     
 -0.44145051311468442      -0.34473502783230853        1.0000000000000000     
  -9.1042877634821675        6.5058130334526378        2.0000000000000000     
  -3.2954112528907822      -0.26854523008282088        1.0000000000000000     
  -1.6047506133624265       -7.1701036591444174        1.0000000000000000     
  -1.7324219967595023        4.6062910099348535        2.0000000000000000     
  0.97117427370935372       -3.3050756986052798        1.0000000000000000     
   13.237467602315975        2.4827392802706880        2.0000000000000000     
   4.2751363919260532       -8.7014732812771722        2.0000000000000000     
  -1.4234169091559119       -5.3885463659749302        1.0000000000000000     
  -4.2653179470564933        8.2891179553110739        1.0000000000000000     
   1.1479542719771965        4.4936786270773661        1.0000000000000000     
  0.73651283110888777       -4.0210824981517582E-002   1.0000000000000000     
  -1.3254443021833109       -9.3779111530774486        2.0000000000000000     
   10.547975086320541        2.9027416583904708        1.0000000000000000     
  -3.5131109469965143       -6.0005114454878390        1.0000000000000000     
   9.3737079297120669       -8.4141035849177115        2.0000000000000000     
   10.005960289395956        1.6953615350842699        1.0000000000000000     
   10.766782946590492        1.7664569297828328        2.0000000000000000     
  -4.9859195782505932        10.763987811139474        2.0000000000000000     
   4.7670713233574507        9.8106128051327754        1.0000000000000000     
   3.9902129474257513        9.1870602188342971        2.0000000000000000     
   7.4031145889819792       -5.0600578315657199        1.0000000000000000     
 -0.49002431494406645        3.4210518645400860        1.0000000000000000     
  -8.5670997271065179        8.4207622793450341        2.0000000000000000     
  -11.064790068530321       -3.8429185339297818        2.0000000000000000     
  -3.8061254405168703       -12.505729838943353        2.0000000000000000     
  -2.3661218801187993       -6.4775972244158084E-002   1.0000000000000000     
  -2.0101599771893217        3.9943541657878012        1.0000000000000000     
  -7.0357445966160324       -4.7180422029583884        1.0000000000000000     
   11.777788079907895       -4.9898777917441501        2.0000000000000000     
  -14.428088419520238       0.49122699767090350        2.0000000000000000     
   6.9601433007794172E-002   1.0303458245953157        1.0000000000000000     
   2.9853041436680643        5.5791728308434463        1.0000000000000000     
  -11.460621905000119       -2.6680726480103774        2.0000000000000000     
   12.098609709147022       -1.9354590716601905        2.0000000000000000     
   4.4869044948534720        3.4438940622998899        1.0000000000000000     
  -1.3764656147265466        1.0498051327644509        1.0000000000000000     
  0.17587780984135834        10.554721190278634        2.0000000000000000     
  -2.4101896882681615       -8.5048952973195870        1.0000000000000000     
  -8.9527982368940044       -7.4350834727012103        2.0000000000000000     
  -10.447531275153530        7.0147371111398629        2.0000000000000000     
   1.6938649415042362       -2.2229314564487170        1.0000000000000000     
 -0.62211001801259114        1.9802779604649392        1.0000000000000000     
  -1.1823511268561657        7.9431465311598695        1.0000000000000000     
  -7.2814175107267358       0.69199326024277064        1.0000000000000000     
  -2.2280320091210637       -3.4627224304822071        1.0000000000000000     
  -2.4676081102708793       -2.0892311902429981        1.0000000000000000     
  -6.0893632808108453        7.9989342976575264        2.0000000000000000     
   6.0765067334797909       -11.581839090074361        2.0000000000000000     
   2.5799264611454813        10.350742914966771        2.0000000000000000     
   9.3581849633532226        3.3304857511854262        2.0000000000000000     
  -3.5227513758612319        12.739190160240847        2.0000000000000000     
  -11.456116239116083        2.9615439157784289        2.0000000000000000     
 -0.58891485470195759        8.1331209293799613        1.0000000000000000     
   7.0067709991135123        9.3866953311452921        2.0000000000000000     
   6.2254888602415388        7.7637163142728074        1.0000000000000000     
   6.7943520662212018       -5.7393308788353004        1.0000000000000000     
  -2.6675646021412205        5.8246683404668254        1.0000000000000000     
   1.2486153352944704        7.5208889526233342        2.0000000000000000     
   9.8412202448084827        3.9568293580983576        1.0000000000000000     
   7.4654028111428845       -8.6152092276441810        2.0000000000000000     
  -3.1674959270163696        1.7755131850408414        1.0000000000000000     
   3.1798394076478740        7.9912241894674860        1.0000000000000000     
 -0.86261477011742937       -2.9904537627057670        1.0000000000000000     
   7.3367300230749164        3.4672906738028830        2.0000000000000000     
  -8.3988617815972706        7.3508958195403054        2.0000000000000000     
  -1.4600727386992760        3.1405557054348021        1.0000000000000000     
  -9.7763438300001368        3.9633004587082277        2.0000000000000000     
  -3.5166935787008340        9.3379637824273516        2.0000000000000000     
  -1.9698075056814717       -13.641471337303921        2.0000000000000000     
  -1.9131451664184400       -10.645961379299514        2.0000000000000000     
   3.5481979247758617        3.7353407058887766        1.0000000000000000     
   4.4018440396247245        2.5862512720839876        1.0000000000000000     
   1.7317411065122641        2.0710988422948908        1.0000000000000000     
   1.7514769738918652        2.9185570134575096        1.0000000000000000     
 -0.82842567994489436        9.4025330313171338        2.0000000000000000     
   9.2223067773876899       0.69485228468517801        2.0000000000000000     
   6.8567290571308579        4.8622398622496039        2.0000000000000000     
   6.4645486486830048        7.3986632948534057        1.0000000000000000     
  -8.8758555741233405       -5.5840458933608845        2.0000000000000000     
   10.205318709861277       -5.3790108590742092        2.0000000000000000     
  -1.7890028444719153       -11.804193257940108        1.0000000000000000     
   1.0977001239909396       -11.327362978070504        2.0000000000000000     
   2.4644226765094261        5.8302075442990322        2.0000000000000000     
   3.8906489153024491E-002  -7.3132787556214929        1.0000000000000000     
  -4.5306162205573823       -5.2217599780056041        1.0000000000000000     
  -13.586482215466301      -0.99280394973451691        2.0000000000000000     
   11.407597771610986        4.5225654498074119        2.0000000000000000     
   2.6532873393105354       0.34929709148122462        1.0000000000000000     
  -10.141308934944391       -7.9985037019398533        2.0000000000000000     
   2.8887547597410519        8.4439558091117277        2.0000000000000000     
   10.391966043339792       -8.1632102948708258        2.0000000000000000     
   11.480095253232358        3.3284222052121799        2.0000000000000000     
   11.620125281856135      -0.90757456663753411        2.0000000000000000     
  -8.8180479868809147        3.4755144980797708        2.0000000000000000     
 -0.50425331581060784        2.6294916725368869        1.0000000000000000     
  -10.102821680617737        1.3690387311422718        1.0000000000000000     
  -3.4183568260905202       -4.0352786234070885        1.0000000000000000     
  -4.7766084799910091       -3.4523084542006623        1.0000000000000000     
   6.4832200920126484       -8.5158856247188055        2.0000000000000000     
  -9.5539839700179030       -3.4111411327888015        2.0000000000000000     
  -10.029937475888557       -8.9279540620096860        2.0000000000000000     
  -2.3942797022827462        13.115917176048166        2.0000000000000000     
  -4.4109468236571878       -9.6844107775538717        2.0000000000000000     
  -4.7968860940645834       -1.3167218476711435        1.0000000000000000     
   4.2492529995592543        6.0507605458657565        1.0000000000000000     
  -2.7608879857662996       -13.188977547833714        2.0000000000000000     
  -8.5875798667973307        10.481625862979390        2.0000000000000000     
  -8.5535411951890215       -4.1109324376138412        1.0000000000000000     
   10.631031202900440       -6.3470259271189731        2.0000000000000000     
  -8.0661562502751529       -10.726732362011321        2.0000000000000000     
  -4.7674687435741419        4.8960493353086099        1.0000000000000000     
   8.0052539969774017        1.2685848577895502        2.0000000000000000     
  -9.5853935490835092        1.9684002638229379        2.0000000000000000     
  -6.0464017222840418        9.6118389067155974        1.0000000000000000     
  -10.526176861175752        3.3535233116669922        2.0000000000000000     
  -5.8406018186992688       -5.0705002378895019        1.0000000000000000     
  -8.2920382256664857E-002  -2.2088118655044546        1.0000000000000000     
   4.2054540293297435        10.525767306033195        2.0000000000000000     
   1.8827366448014755       -10.075584147934215        1.0000000000000000     
  -1.6121635268659624        2.2847975518974164        1.0000000000000000     
  -13.144820975225793        2.6494471166210278        2.0000000000000000     
  -3.6571454493187541        2.3177318636926665        1.0000000000000000     
   11.117588601778953        5.4265380825467542        2.0000000000000000     
  0.43388280492065123       -8.6246135113787492        2.0000000000000000     
  -6.4990352615182152        11.212997328988902        2.0000000000000000     
   8.2887251805450024        4.6839472673809377        1.0000000000000000     
  0.44468590582394574       -3.2862384354007421        1.0000000000000000     
   9.9942779774946544       -4.0826017417481468        2.0000000000000000     
  -5.9762658164508915        4.6008193721288535        2.0000000000000000     
   6.1928793029551628        2.1840588199000570        2.0000000000000000     
  -1.9367092946275546       -1.6914969123084957        1.0000000000000000     
   11.147543218794420       -4.2500019258078456        2.0000000000000000     
  -3.7762713132144268       0.71109248125505820        1.0000000000000000     
  -9.0081059144906330       -3.5540431663990719        2.0000000000000000     
  -11.763668977756149        5.7608283673527803        2.0000000000000000     
   4.3882904075460267       -5.8158608941361534        1.0000000000000000     
   1.1714004568159029       -6.0203950899682974        1.0000000000000000     
   8.6990848257856221       -1.5314168873393996        2.0000000000000000     
   4.4798342806446323        8.1008176479557985        2.0000000000000000     
   4.9743149329796150        10.880148545811418        2.0000000000000000     
  -5.8244266971971008       -12.722261354337181        2.0000000000000000     
  -12.735983065477525       -1.0806616757569576        2.0000000000000000     
  -12.545179111785965       -4.1926134549499601        2.0000000000000000     
   1.4871705657155072       0.10885275380616709        1.0000000000000000     
  -5.8963298526626104       -6.8761005857920789        1.0000000000000000     
   2.2467568381444649        13.074672360333659        2.0000000000000000     
   10.141823924298532        7.3165503740005198        2.0000000000000000     
   3.0614029599930808       -4.7460210331092059        1.0000000000000000     
   5.4050987490157434       -5.7338083810005118        2.0000000000000000     
   1.3982710852631586       -5.6346582206427804        2.0000000000000000     
  -1.1561147793326574       -6.5021614141763324        1.0000000000000000     
  0.25991873281754874       -5.8587745530596118        1.0000000000000000     
  -10.627663673630025       -5.2588918503513149        2.0000000000000000     
   7.7002908133624377        6.3368732395827552        1.0000000000000000     
  -2.8447238804520190       -9.9534770543343161        2.0000000000000000     
   4.7728960215565257       -2.6218114133170607        2.0000000000000000     
   7.4488769221953790       -1.5972561563772416        2.0000000000000000     
  -3.2718540396377400        11.619272012761485        1.0000000000000000     
  -7.6039586181711396       0.55670582500988808        1.0000000000000000     
   8.7848141159627833       -6.0142024808830437        2.0000000000000000     
   4.9677255441404737       -5.0970595028801613        2.0000000000000000     
  -3.3640180516335616       -12.054529329579344        2.0000000000000000     
   3.8328946236091501       -1.8618849533700741        1.0000000000000000     
  -7.2398046095417117        11.217881674427010        2.0000000000000000     
  -4.1049184274349733        6.8709908906410559        1.0000000000000000     
   13.295456227695722      -0.17846735611058831        2.0000000000000000     
  -9.5213524009530790       -4.7898755354624143        2.0000000000000000     
  -5.5501475357481702        4.5280664798178076        1.0000000000000000     
 -0.59870532752086247        5.8052725489755481        1.0000000000000000     
  -4.1984521136734800        1.3680691961422597        1.0000000000000000     
   5.1700071507975656       0.52626369761248493        1.0000000000000000     
   3.8109572640224765        4.4695338345497886        1.0000000000000000     
   8.3853218111962242      -0.79905048252997923        1.0000000000000000     
  -6.7132361481320597        6.0687784105061073        2.0000000000000000     
   7.7116787017269308       -5.8536216169555839        1.0000000000000000     
  -6.7645181724665031       -11.150135847116958        1.0000000000000000     
  -6.3657344157150471       -1.7821704141485273        2.0000000000000000     
 -0.81947336752929889        13.085541008169372        2.0000000000000000     
   6.9342997481114406       -7.0248560426096889        2.0000000000000000     
  -5.8113414063166173       -1.4261363879427515        1.0000000000000000     
  -2.1769142629640998        1.4495437432244551        1.0000000000000000     
  -3.8987546547262899        8.1876887020455218        2.0000000000000000     
  -1.0108845450292612        6.4366309438209033        2.0000000000000000     
   6.8530800632973286       -10.619146897614300        2.0000000000000000     
  -12.440693871118542        1.6656939987942876        2.0000000000000000     
   6.0435090425009932        6.8420897353319674        2.0000000000000000     
   5.2783745090663441       0.98466199792093489        1.0000000000000000     
  -1.5031667992714077        6.5670578850749637        1.0000000000000000     
  -6.1029243861271230       -8.2505718900610763        2.0000000000000000     
   12.520202873842329       -3.1047930638519752        2.0000000000000000     
   3.8013889732082151        7.5084544193273377        1.0000000000000000     
   5.3041197544691805       -3.1059519455556259        1.0000000000000000     
   5.6762779238850465       -8.0661616969366499        2.0000000000000000     
  -8.2255441593607230       -1.9272002771906052        2.0000000000000000     
   3.3892302536781478       -3.2638884131829631        1.0000000000000000     
  -4.1258462945253651       -6.8811298491318373        1.0000000000000000     
   3.4253881512079953       -7.1764923214125478        2.0000000000000000     
 -0.78848211149061331       -7.9051701861313850        1.0000000000000000     
   10.106399059488410        8.6005908588478626        2.0000000000000000     
  -3.1358897951099047       -2.5404084956521635        1.0000000000000000     
 -0.45742657811706489       -13.349365618339606        2.0000000000000000     
  -6.2041609934547770        2.1916369586846542        1.0000000000000000     
   3.0371464378398585        12.809144146276319        2.0000000000000000     
  -2.9855400331478186      -0.83649410843754679        1.0000000000000000     
  -6.7344609336889052       -2.8546043001232828        1.0000000000000000     
  -2.0758107847821958      -0.96167467355371294        1.0000000000000000     
   8.3522459950267205       -2.7386520821945366        1.0000000000000000     
   5.2034866432237790        4.3268524788431115        1.0000000000000000     
  -7.3874844575392862       -9.5632033086141437        2.0000000000000000     
   2.5649971403587162       -1.6765426274343544        1.0000000000000000     
   1.5588592651297246        5.3257287958127435        1.0000000000000000     
  0.36872904655805633       -9.8115225129268691        2.0000000000000000     
   11.641244053113729        1.3798566023656293        2.0000000000000000     
   2.1226739393045042      -0.91501299736739061        1.0000000000000000     
  -10.810957532277373       -6.7530401246763621        2.0000000000000000     
  -3.4277629238597451        2.9815355352843733        1.0000000000000000     
  -7.3921123108290114      -0.98893989520318393        1.0000000000000000     
  0.79366998819464862       -1.9232832777465114        1.0000000000000000     
   8.9549898354355673        7.6426811100621439        2.0000000000000000     
  -9.2948441937848241       -1.4079416414016357        1.0000000000000000     
   6.2241348090593123       -4.8459254360405115        1.0000000000000000     
  -5.1294577468530242        7.1884167917302442        1.0000000000000000     
  -1.6815509095788821       -3.7448634374243150        1.0000000000000000     
  -5.0636549203335752       -7.7406035423934929        2.0000000000000000     
   6.4220865704371164       -4.2590813775702179        1.0000000000000000     
  -2.1748814386908246       0.61071406955878571        1.0000000000000000     
   5.7281790143712827        2.5400816435505669        2.0000000000000000     
  -10.312476949300054      -0.23558039706840522        2.0000000000000000     
  -6.1062736168682346       -3.0608082836778072        1.0000000000000000     
  -1.1818801678135846      -0.72716109649138794        1.0000000000000000     
   6.6701458306771260       -9.7012265967505567        2.0000000000000000     
  -5.9601395778845845        2.8614084735683392        1.0000000000000000     
   9.8456245799953965        5.1358350891696363        2.0000000000000000     
   2.9276227982559622        2.4628536368767073        1.0000000000000000     
   6.2445152617330519       -6.6862924170547071        1.0000000000000000     
   8.2572746494988323        5.5511304740030312        2.0000000000000000     
  -12.010925082236511      -0.71756041138104698        1.0000000000000000     
   9.0109237397112611        8.1772086997402109        2.0000000000000000     
  -2.6041752602778394       -6.2279339573329260        1.0000000000000000     
   1.7612983698250722       -2.5562509568567870        1.0000000000000000     
  -4.5967933252715376       -8.0183477152385070        2.0000000000000000     
  -11.865988645663805        4.0803844635827327        1.0000000000000000     
  -9.7296436334336818        2.4746193332701760        2.0000000000000000     
   8.7790400518312310       -9.8247380009206484        2.0000000000000000     
   6.2722964150706595      -0.37295758808835866        1.0000000000000000     
  -2.0757047927414165        3.3560097396115154        1.0000000000000000     
   2.2304240824815702       -10.712048209359407        1.0000000000000000     
   12.934321679300570        1.7235355587184995        2.0000000000000000     
  -5.3912044224399844       -4.8323960467461573        1.0000000000000000     
  -3.6073183524750325       -8.4602152493729950        2.0000000000000000     
   2.7722598939404484       -5.8510192054985062        1.0000000000000000     
   11.196049632233981       -5.9572648788002329        2.0000000000000000     
  -4.7039874199993577       -6.0890420399168308        1.0000000000000000     
  -6.7777974951999296       -4.1902742978396059        2.0000000000000000     
  -1.6284223309188774        7.6798634130402856        2.0000000000000000     
  0.27373301938938094        9.3830925876878979        2.0000000000000000     
  -8.9464508586808833       -6.7885690104346592        1.0000000000000000     
   3.6239878221460513       -9.5336669598005948        1.0000000000000000     
  -6.0019961027515460      -0.40268346144165157        1.0000000000000000     
  -5.6490280368989287       0.29194305418076971        1.0000000000000000     
  -7.4672793065697585        3.2798843228909007        1.0000000000000000     
 -0.87796539760101122       -3.9348590412759465        1.0000000000000000     
  -11.726785475251956        6.4794701427266919        2.0000000000000000     
  -11.659132179746031       -1.9630636356776388        1.0000000000000000     
  -3.5333848183369856        5.5192991137600353        1.0000000000000000     
   4.7094029264456898       -1.4640774055398942        1.0000000000000000     
  -3.2202759851924112       0.57260236880918991        1.0000000000000000     
 -0.72476969784575718       -8.3332467994947077        2.0000000000000000     
  -11.673771664925608       -1.0849958172050644E-002   2.0000000000000000     
  -2.9582650069441718        10.109883265224209        2.0000000000000000     
  0.18188765603313445       -4.3421202513459152        1.0000000000000000     
   4.2233698999967091       -7.2919506058401051        2.0000000000000000     
   8.2242457875178818        3.0618440876484825        1.0000000000000000     
  -4.9971675415121961       -2.4689563714014602        1.0000000000000000     
  -4.0555737322083116       -2.2994857470205972        1.0000000000000000     
  -5.5430308140435507       -6.1222748618331622        1.0000000000000000     
  0.19932281427211196        6.7544060401665638        1.0000000000000000     
  -5.6478031331454126       -9.4746639132651254        2.0000000000000000     
   11.183675036063280       -3.4332305945200225        2.0000000000000000     
  -6.7005875413363283        1.9635791825351205        1.0000000000000000     
  0.75948062952238027        13.091871276477702        2.0000000000000000     
   12.502707102883585        5.9907084356921851        2.0000000000000000     
   1.5195370324464013        6.5002111487599255        2.0000000000000000     
  -6.2921161350813755        1.1491201444693697        1.0000000000000000     
  -9.5170910155858870        6.9197706976968236        2.0000000000000000     
  -6.9178894339770958        3.9117845420788018        1.0000000000000000     
  -5.4851177311342232        3.7572057375067365        1.0000000000000000     
  -8.6088398633219612        4.7271027668617940        2.0000000000000000     
   10.688762013420844       -1.1534884196678847        2.0000000000000000     
   8.9935237603721365        2.0576122895658528        2.0000000000000000     
  -4.4654509290745796       0.45180810256423221        1.0000000000000000     
   7.1944180504801318       -3.7406167657935128        2.0000000000000000     
  -4.8489262453228079        6.0821094822075130        2.0000000000000000     
  -1.8389473385210127       -9.6745616605872069        2.0000000000000000     
   4.4617853580746454        5.2145725884888945        2.0000000000000000     
  -1.8307363646351362        6.8435277004442607        2.0000000000000000     
  -9.6426396933966068       -7.4729748944360050        2.0000000000000000     
   7.8132358006487976       -4.5749569061175253        1.0000000000000000     
  -2.3384549540456541        9.2798387863638521        2.0000000000000000     
   1.1917497662169061       -8.1284236678320987        2.0000000000000000     
   8.1701326258888454       -7.0099195533795227        2.0000000000000000     
   9.3266141644033542       -4.1476304182575472        2.0000000000000000     
  -4.4662019356484155        5.6517999532485854        1.0000000000000000     
   1.9536258459285063       -8.3632869906235694        1.0000000000000000     
   3.6267994628457201        11.063338911961319        2.0000000000000000     
  -4.1827839086192196       -1.0037999377207754        1.0000000000000000     
   6.3466498764048293E-002   12.086293376131449        1.0000000000000000     
  -7.1321893170617461       -5.4825934182233382        1.0000000000000000     
   2.1374131876725295       0.94489966193441066        1.0000000000000000     
  -6.8720670202467353       -6.1698788881467621        1.0000000000000000     
  -7.2708984387333180       -7.1497284378903423        2.0000000000000000     
  -10.310128299153787       -2.1226142115927771        2.0000000000000000     
   2.5794463031311836       -4.4892511708943657        2.0000000000000000     
 -0.93054173596762468       -12.222914436931026        2.0000000000000000     
   5.8969352363301688       -1.3751193101980033        1.0000000000000000     
   6.6417041083668487        5.1177601676728477        2.0000000000000000     
  -8.1056633131968905        3.8250372646794375        1.0000000000000000     
  -5.4821190634607184      -0.87117036093992495        2.0000000000000000     
   12.133708074432011        2.4446794507172749        2.0000000000000000     
   1.0821735059195878        6.9621277880533272        1.0000000000000000     
   8.9077994567466590       -2.9560992221346547        1.0000000000000000     
  -5.8359538303727350       -11.604456987044156        2.0000000000000000     
   4.1872950244827827        2.9805193337756291        1.0000000000000000     
   3.5808494295379925       -2.4012447948751023        1.0000000000000000     
   3.3456552698322208        7.0565867218974345        2.0000000000000000     
  -4.0392391923435946       -3.8665944215188546        1.0000000000000000     
 -0.82008117645776846       -5.6903418338045091        1.0000000000000000     
   4.8626595460997528        4.9366686428268043        2.0000000000000000     
  -3.1144816843670520        3.0300764632540229        1.0000000000000000     
   3.3578778630552994       -2.9030864197420141        1.0000000000000000     
   10.150311791210980       -1.9799365402733922        1.0000000000000000     
   10.096055432971475       -2.9670325662213526        2.0000000000000000     
   6.1005427126517180        3.7396959882192822        1.0000000000000000     
  -4.0796347511745683       -8.4622871058170013        1.0000000000000000     
  -5.4084992255282067       -2.7064566006086594        1.0000000000000000     
   3.2524024037656134E-002   3.0585609695754039        1.0000000000000000     
   3.9989970664300665        1.1127417657773195        1.0000000000000000     
  -7.8658072365827385        6.8752618368642509        1.0000000000000000     
 -0.77272758424231613        5.1759563024950204        1.0000000000000000     
  -4.5770460567576734        3.7255703727376370        1.0000000000000000     
  0.70075982128624992       -11.707156757364757        2.0000000000000000     
  -3.3808366560097673        8.6913939245578185        2.0000000000000000     
  -2.1498391470090570        11.822866588001551        2.0000000000000000     
   12.704805406895110       -3.7989288210800596        2.0000000000000000     
   8.1195281610837551        3.5471797089985126        2.0000000000000000     
   5.6302419762842799        2.9920999522259226        2.0000000000000000     
   9.0709184110421965        6.6976797278422113        2.0000000000000000     
  -9.2035954884440745        1.2605062253601880        2.0000000000000000     
   1.1320714748332008      -0.69189308915183889        1.0000000000000000     
  -7.9626778599350407       -4.1009065226168397        1.0000000000000000     
  -7.2053333780896081        5.9586904541156329        1.0000000000000000     
   3.3555237701713629       -6.3099524924481072        1.0000000000000000     
  -2.4091853127807563        10.949929691538607        2.0000000000000000     
   11.950121728540003      -0.28381823891634378        2.0000000000000000     
  -9.7633123633836494       -1.2308231838518469        2.0000000000000000     
   8.2443466908340994       -9.6226058463955351        2.0000000000000000     
   9.8387050098826929      -0.36682004468718638        2.0000000000000000     
  -1.5508279461429972       -4.8124120674200199        1.0000000000000000     
 -0.59773261092132823        10.323245400186078        2.0000000000000000     
   6.4087787346508014       -9.2722909217617264        2.0000000000000000     
  -1.0121873244386190        11.437160500283445        1.0000000000000000     
   4.4431946554974937       -12.815584794372743        2.0000000000000000     
   10.419733009562865        6.4245643970203981        2.0000000000000000     
  -8.3600084207406962      -0.55054669526861799        2.0000000000000000     
   2.8060653846751129       -12.159373400883808        2.0000000000000000     
   1.3143631367425594        10.967981726836744        2.0000000000000000     
   1.5883952297242030       -11.759024644719100        2.0000000000000000     
 -0.73348742009160317       -4.5544595312103384        1.0000000000000000     
   10.422159307197182       0.82664339669188225        2.0000000000000000     
  -9.3705724872448641       -5.8102340760655062        2.0000000000000000     
  -6.3343843275779701        7.4192991808062292        2.0000000000000000     
   8.8029865036880786       -6.5122427346000544E-002   1.0000000000000000     
   4.6316895378825862       -6.6075433084260666        2.0000000000000000     
   4.2716048761681504       -6.4001955837638160        1.0000000000000000     
   5.0712444598636628       -10.906401886109489        2.0000000000000000     
   1.2430753817134841       -10.157661278221674        2.0000000000000000     
   2.6755663725058350        5.1428619288127848        1.0000000000000000     
