           1
         200
         100
         100
   33414.098679592309     
  -3.0252861000708080      -0.22843259032972296                1
  -1.3184342199192005      -0.15191246602821562                1
   3.8555309784396901      -0.13592839969924386                2
   4.3830190751819300       -1.3374344137120264                2
  -2.2679486976723031       -2.8119147498809909                1
   1.5742097266825170       -1.6195374941011438                2
   4.4136587687617457        2.7928941197792012                2
   4.8070826884573279       -3.8694050962992015                2
  -1.1561191843702310       0.33274954289444492                1
  -1.3698200972571675       -1.5974713064911956                1
   1.3781608126337819       0.93674751074383500                2
  -2.1221972103247264      -0.52915875579809091                1
   1.7541101602743248       -2.1432309059863801                2
   4.9291320826616980       -4.6322645054721638                2
   2.2153965043781696        2.2403105823114968                2
   4.4404621857890580        1.1247192650495075                2
   3.2264619965413646       -3.1661261947689248                2
   4.1536566226521296      -0.41387657206141404                2
  -4.5282127792014872       -3.9195771483880333                1
  -4.4532033027770828      -0.26182332740917358                1
  -2.7415902519694826       -2.2174834112596442                1
   2.0026161289894566        4.0990853329326242                2
  -3.9171638563330178        4.3427563321238303                1
   1.0500082477001329       -4.8890009823206650                2
  -4.8399086592233083      -0.49937642929670900                1
   1.2395229895610191        1.0606512169840698                2
  -2.6737540463819180        4.7477614541035207                1
   4.0851290269959479       -4.8844296632295956                2
   3.3217443537412832        3.6688916522564319                2
   3.8732734375925504       -1.7885967756088390                2
   2.3522681649775015       -2.3705647958320308E-002           2
  -2.4692816945021474       0.70142693247370547                1
  -1.8334183819921406        4.8906875287118732                1
  -3.6682917726218021       -2.8240439509760469                1
  -3.4026731959195566        3.5731277501282821                1
  -1.2835090380525691        4.8036259843694218                1
  -1.0274766951271213       -1.9970226126316304                1
  -3.5756647008527196       -4.8030317267258935                1
   4.7597711596104553       -1.8451906970958736                2
   4.1315377805916791        7.2346009509529630E-002           2
  -4.4220320476776385        2.4545619034675425                1
  -2.4066342458670706       -2.5294642237473051                1
   3.3096146394321937       -3.7352828308103860                2
  -1.2881220158673550       -4.0701711905239106                1
   1.2126935011984115       -3.3507789267872679                2
   2.3890664078424804       -1.0933431599518046                2
   2.5984154264196699        2.9183910278657832                2
  -4.8912982194404044       0.55337880385665006                1
   2.7510255501465215        4.4635662653127737                2
  -1.4089401935837587       -3.3716772691273098                1
   2.1810384554684088        3.6939071315347762                2
   2.7111565481490167       -3.1112752725708512                2
  -1.7296432866732681       -3.1645201003205914                1
   3.2924941442673528      -0.20024782681187070                2
  -1.0753530426210052      -0.87000116670518379                1
  -4.4625658599573805       -1.2096740727053668                1
   1.2822205039512367        2.4064935562921255                2
   4.9545927953084927        1.2578017042793832                2
   3.5647851716757311       -1.8972524019628674                2
  -4.4751449528819354      -0.75067831012962383                1
   3.0508689300944547       -3.6271601117631072                2
  -3.1883838517455532      -0.57373641987890522                1
  -2.9354259081357044        4.4034932850766282                1
   3.7935255997318054        3.4425309690275796E-002           2
  -2.6525838536140047       -1.2186368970828947                1
   2.4714211817547751      -0.85298705891790672                2
  -2.3451850824365672        2.7365203303122501                1
  -1.4301297312225452        4.0184612727499207                1
  -1.7368088892066820       0.30724636563532415                1
   1.9066491433070349        2.1284684171189139                2
   1.3499413194337224        2.1023566566655005                2
   3.5616542437020429        2.5601966376146992                2
  -1.3299615827649127       -1.0081632683279200                1
   2.1163076196749548       -3.6582023469026783                2
   4.8376792400842170        1.8391538190081991                2
  -2.9334905103232520       -1.9413554560691386                1
  -1.8018899357162081        3.4376377153802418                1
  -1.4904818051809663        1.2906429313713086                1
  -1.9696796973246307        2.8216879778091872                1
  -1.6515439503701215       -4.3017861414796732                1
  -1.5260072509952187       -4.5746493640828518                1
   3.5817681155325269      -0.56797197331344640                2
  -1.0992998970954844        2.2301533604796129                1
   1.0839549497344936        4.1065670366253082                2
   3.1891981602007928       -2.0253955940156603                2
   2.1442177936165452        2.4074730448188983                2
   1.3366236247045551       -2.9515799480320877                2
   4.7582261496161662        3.3234791652644082                2
  -2.3692178787893572        1.5918948020563817                1
   2.7308326697262579        2.4227942689584991                2
   2.2494791271218517        3.2093374017561640                2
   1.7757658573406199       -3.0939678222288420                2
   1.5356751523429382        2.0271404868041776                2
  -1.0325393104882910      -0.88755196447370177                1
   3.8441316922807247        4.8542060216499685                2
  -3.0176415752029078        2.7068646438099577                1
  -2.8609658491338750        1.1900418950758607                1
  -4.3102912270226668       -3.0241426226552077                1
   1.7114798909082305       -3.8270807236774882                2
   2.8701989288104963       -1.7059580733918056                2
  -2.9585433961093535       0.43499770833346663                1
   2.3572266646317401        1.3713935913820818                2
   3.8321477241677937        2.4713626956829868                2
   2.8924383086045804      -0.97908463076909202                2
  -2.1735299604570426       -4.1986239289732268                1
  -1.3148496685157336        3.4755923709011038                1
  -4.1914721343670012        3.1681721805357146                1
   3.8392713606117992       -4.7359730409704852                2
  -4.7342712663288600        1.2778139413658851                1
  -4.9635937818644971      -0.41764595020905404                1
  -4.8445441712584199        4.5308083693591863                1
   2.4029115055872694        4.7240657905116556E-002           2
  -3.1777093831077123        1.3802720196053253                1
   1.6130519834832835       -4.0304745706907994                2
  -3.4497967468922885       -1.8785044914668947                1
  -4.4146364688135682        1.3200039990281698                1
   1.4220773085669669        2.5139282817883011                2
   1.3686469159588805       -2.8377792017574430                2
  -3.5486317351446970        2.3702383219655365                1
  -4.3606645069373577        1.0069410828680569                1
  -1.9266042464112578       -2.4743252523872132                1
   4.6794428805933288      -0.80770734716764825                2
  -2.3322694932966268       -8.4484956946915268E-002           1
  -3.8696052762923210        2.1518980033810919                1
   3.2348944215474345       -1.7475230874992072                2
   1.7691574349921204       0.16797564517133989                2
  -2.8548205832569651       -2.3324477527102623                1
  -4.7911288663112641       -3.6067155630628229                1
  -4.0697205549000230        4.0692284484458030                1
  -4.8287276295572532       -4.0234603471904506                1
   3.4905904065609517        3.6318017757683774                2
  -3.8068480720542288        4.2172426603845263                1
  -4.4798382712431266       -3.4041899489301737                1
   1.5800214024304144        2.9524151815763267                2
   2.6824625253732846        2.2686143564899739                2
   3.1280404814730978       -2.7865565658983371                2
   1.1101206232531147       -3.1301061081018919                2
  -1.2103389582797592        2.0332249816185746                1
   4.1214092654867311        2.1549297509453558                2
   3.3897049041281928       0.14610076544075645                2
   2.7177636114541452        4.8676241351476381                2
  -2.8800885072633906        2.4044860899497400                1
  -3.8838034342554328        4.8606186035083088                1
  -3.2456838443738385       -2.3912596685305805                1
   2.9216480160506269        3.8642780823261500                2
  -1.7619352387196336        3.9181387937782972                1
   3.3968356243295226       -3.3154711796050447                2
  -1.8959369510943103       -4.7526031465249652                1
  -2.3095635688923384       -4.2496786250092695                1
  -1.3941997184829016       -2.4618806525518675                1
  -1.8533006785709625       -1.7325532435686646                1
  -4.1252189434270470        2.2402027145161374                1
  -3.8395947865509559       -1.4607575087010449                1
  -4.2856517456712471       -2.8341631472081086                1
   1.5439370822467944        3.1762063637160507                2
   4.4516288563817135        2.3797592704329218                2
   4.1009340505182621        1.2207035677697042                2
  -3.7508175219673090      -0.32602298376715855                1
   2.5746765942394556        2.9015734892137690                2
   3.8732374952046316        3.7639678474814731                2
   1.0344265059505782        3.1163386169303466                2
   2.0766529092902992        2.9930293269993435                2
   4.8396551712583209        2.5849480911488265                2
   3.1096130184112289      -0.98485552076618466                2
  -2.6806992063158752        1.8087047422510560                1
   4.6081987149433852       -1.2361888552200240                2
   4.3088154843792461      -0.23789839460397810                2
  -1.9609245398424271       -1.9477674258923650                1
   2.0698180439396743       -1.5954690256536419                2
  -3.8852754561477512        3.4637668650065478                1
  -2.1204307050207030       -1.0305387773766790                1
   4.5937939606424507       -1.6143931982603121                2
  -3.5012645798812194       -4.8557346457050015                1
   3.2121310308930742       -3.3369900804064976                2
  -3.9135788757886525       -1.2870233572578376                1
   4.9535840400711333      -0.34478942113763067                2
  -3.0440494303846606        1.8113020778310540                1
   3.1608446204420355        1.4816079976091501                2
   1.4070585720297992       -2.3045332041449473                2
  -4.9305291934039914      -0.88545308237819420                1
  -3.1546868041022695       0.83050462868501151                1
  -1.8032332873088759        4.9434139715525252                1
  -2.9644517543186106       0.28999435761187353                1
   3.8247630709030136       -2.8543933975803157                2
  -4.3859039928463828       0.50805410314715860                1
   3.2223773448718722       -8.2500815906459968E-002           2
   3.4130232861063372        2.0904086690463131                2
  -3.4350493958900712       -3.2386267974195508                1
   1.9258569692766900       -1.6420827555477113                2
  -3.3690964216849650       -4.2489229206221850                1
   2.9825824217284129       -1.8979923845604030                2
  -2.3678727064165068       -3.5443261201447385                1
  -2.4473256040636606        3.9435200631845033                1
   4.4285695208935634        2.7827744047671077                2
  -3.5469444332028850       -1.2748492610306457                1
  -3.4158901122357457        4.3766302726207726                1
   3.5261112301828494        3.3793951187392288                2
  -2.7435418479994116       -4.3656802754296118                1
   2.2117382665856269       -4.1469047910813321                2
   3.7351663516156801        3.7835395034627552                2
